03009200300
03008283813
03332103484
03218238121
03343682086
03008295113
03452847519
03008290929
03008238288
03002102519
03332147519
03332312145
03332212421
03009217788
03037235993
03002122597
03002351964
03008202244
03212021112
03219260580
03332297039
03002265548
03332103252
03333451018
03002015446
03018225090
03008260765
03332165063
03453038745
03008223200
03002418672
03009296151
03002016711
03212011039
03218222517
03008244548
03002218183
03212010306
03332282389
03332136767
03002130513
03008250043
03218284672
03218212762
03008226009
03333384954
03204182575
03228242994
03008218388
03343341987
03218294345
03008296040
03009250909
03332378544
03343186655
03008201552
03008292927
03328245196
03328248074
03333016663
03212550404
03222990949
03008281107
03332257825
03008736362
03212448018
03009260709
03219240209
03222239559
03008237549
03002477377
03002014700
03002007896
03009285291
03002262729
03009269512
03008286933
03218237073
03008237073
03002006938
03008285152
03008284252
03008272271
03009220422
03009220059
03333944983
03218233097
03008235890
03008280644
03008222524
03008234359
03008222690
03008270051
03332138749
03008299858
03452075553
03008245411
03008298588
03008259462
03212565152
03008251506
03008244611
03009219892
03322842854
03218293344
03204244781
03008208587
03008269209
03008230585
03008260484
03008208889
03008227139
03332201222
03008233756
03219275022
03212008745
03008291382
03009201199
03322105522
03218279905
03002113377
03332485117
03008220921
03018215820
03212526502
03009238189
03008232541
03002023005
03008298894
03002432202
03212400163
03212446512
03218236014
03002015825
03212596933
03212596922
03002014404
03008254100
03002011171
03008290522
03002105599
03002131896
03008249150
03332156578
03008285116
03018282903
03008233793
03002352885
03008204666
03008204878
03328206308
03009231258
03002011187
03008211408
03008221182
03008209638
03332288253
03452383727
03008229969
03002132168
03332132168
03034428514
03009299912
03002374737
03332104342
03012242025
03002079180
03332202942
03332152696
03212022786
03332178942
03002606735
03328206554
03002210049
03002329578
03008206926
03008237923
03009294059
03332054455
03332305454
03212011954
03037332910
03008221772
03332223395
03333557863
03452077770
03452004277
03008228412
03008228454
03008203198
03008239802
03218240754
03333521572
03008265075
03002196366
03008237629
03008269217
03222521924
03008238526
03452341838
03008265554
03002600152
03008202037
03018239455
03008200351
03009275271
03009272829
03008255852
03002145535
03008220863
03008247196
03002019727
03002883396
03008272312
03008270306
03002358442
03218227943
03008231053
03008222830
03452003020
03002280778
03222758607
03037267766
03009222164
03008228520
03218228520
03008236510
03218236510
03222784154
03218299301
03009258334
03212345784
03012166470
03212040176
03008298126
03343232266
03332125259
03009214468
03002148649
03008297268
03458099430
03008252530
03022591496
03002024895
03009280525
03008239689
03218230119
03002020172
03212339007
03002810849
03219228938
03002150770
03002017396
03002459209
03218238441
03008262409
03002007868
03008250546
03008285292
03002164164
03002024404
03008234491
03008234425
03037284150
03222514528
03008268000
03212137055
03002116099
03008250447
03332129127
03343555300
03008284502
03008238866
03218238866
03018232313
03008233458
03333291977
03008229942
03332106948
03008275126
03008267786
03002835538
03332287090
03205036131
03008229347
03008245976
03002313417
03332132090
03008292852
03332314852
03332165441
03333311278
03332265077
03219250078
03332109130
03008299122
03002008287
03212423327
03008255241
03008232673
03008234571
03008272824
03002615104
03332318780
03332318680
03332378580
03008225361
03008223302
03018223303
03332469010
03009223998
03332152657
03008277722
03333486154
03002312318
03216905645
03002112702
03002249459
03332108727
03008242784
03008248344
03002418607
03219281108
03332150910
03204229349
03008987276
03008226839
03218260321
03212255566
03332141659
03009267464
03002280226
03008293324
03218265021
03332161710
03002280240
03008223395
03002471835
03002143034
03332151078
03212435160
03332288549
03009295294
03332314828
03008237858
03008259240
03002291002
03008249360
03018232927
03008232927
03332427259
03322542723
03037329710
03008299444
03008223012
03008203904
03002125393
03008242351
03008263450
03008237210
03009262553
03008206646
03008201401
03332107546
03332107628
03212167895
03212008401
03008279791
03332125464
03218917489
03002033707
03002953266
03458221631
03218233626
03008295457
03204303959
03333133345
03008267833
03332348121
03212422472
03008238902
03002153269
03332122838
03332324348
03333023961
03028299910
03002039564
03232643471
03332378800
03002127269
03212638777
03008217036
03008285854
03452059360
03008250202
03008233726
03008232403
03002204016
03212490163
03218209701
03332149050
03008295868
03008209832
03008237320
03008263577
03008224944
03009259753
03008253220
03332111169
03008271550
03008209279
03037335270
03218246678
03332138611
03008322175
03002407919
03008294160
03218299856
03332288254
03002195467
03008271732
03008242199
03008201313
03002403761
03332107772
03008234365
03037246688
03332378145
03009252870
03127077979
03212451442
03008247003
03204240292
03218226794
03002117387
03218749502
03008221977
03008223110
03002207151
03009287879
03022529076
03333226463
03204239078
03002454347
0300296657
03009228523
03339228523
03212515252
03002152265
03214431160
03332288255
03002196899
03008237019
03219282162
03343490370
03212200505
03332292122
03009269766
03008289530
03212009226
03008227758
03332324927
03008208892
03008210082
03333361580
03008256909
03008205500
03219281331
03332356645
03002671266
03002023505
03218229400
03002066556
03332125402
03212420154
03008250022
03008247447
03002318688
03037232446
03332271351
03333188345
03039289151
03002279961
03002149218
03212009979
03009203273
03212397250
03002612606
03212057250
03332342635
03002403467
03212960000
03008234433
03008206699
03218223335
03002020484
03003030900
03002500200
03009220363
03219257708
03008257086
03002186972
03212007606
03042268687
03452654977
03452293781
03008226325
03452005205
03452005204
03008232447
03452962008
03002616485
03008219954
03002290867
03002508494
03008248879
03002205901
03212427284
03008246228
03002308706
03008266127
03332104030
03002175085
03008231949
03008205645
03332159055
03332127333
03332153252
03008223266
03028288345
03008202595
03008272080
03009259791
03012415750
03333881457
03009285636
03008280942
03008225386
03204232423
03008251846
03002033643
03332145552
03008256460
03212500000
03204220731
03218291235
03008226363
03008271866
03008277936
03008294847
03002180095
03002554821
03062740253
03002479600
03204220676
03008293380
03008216169
03008204153
03008224213
03218228892
03008205556
03008254165
03009253235
03008270775
03037333138
03008247833
03008207717
03008270072
03332163330
03332201238
03002041484
03008210561
03008288579
03008231924
03009295898
03008223819
03008260076
03008232399
03002177363
03008221649
03008232466
03333105050
03008234767
03212007607
03009229841
03332125950
03332292269
03212491760
03008298396
03212862667
03002266455
03312204684
03204229794
03218970627
03008242452
03218294428
03009251532
03008265135
03219256753
03332166610
03002102401
03222116025
03008296345
03009211284
03008220366
03007033269
03008268757
03008243424
03028255288
03009255288
03008291138
03212406967
03002388014
03204316967
03009295054
03002168227
03332237695
03008282030
03009211155
03003507115
03332308889
03009268606
03009220047
03332174234
03008255287
03332389970
03008293302
03332143729
03008238363
03008275514
03009255647
03332110586
03452057616
03212410769
03012103268
03002124368
03002885150
03008232818
03002260573
03008242702
03008231731
03002273469
03332297990
03008290007
03002171222
03008292540
03008296863
03002318296
03204220891
03333154302
03333154299
03002651705
03218233692
03008294234
03009230214
03008217491
03008220300
03218270760
03332179900
03452006090
03218237600
03008256616
03002021663
03008204157
03332130574
03002180244
03333029648
03008218500
03037271321
03212080562
03008203322
03212430745
03002969072
03452127554
03009214343
03037338568
03333151695
03332200524
03212010909
03008248845
03002180592
03008262694
03008207980
03205060700
03009281007
03002021612
03002624533
03222442669
03008229476
03008282454
03008212828
03333535107
03008310857
03009213152
03332244294
03009266965
03002386990
03458212954
03332294380
03008234823
03212280360
03008231493
03008264614
03002141386
03332601652
03333232177
03002128367
03009207633
03008293006
03008220578
03002257559
03018266705
03002177021
03008297971
03002116852
03002556243
03008210368
03008293332
03218748977
03212407070
03008240122
03002673767
03008202418
03222488709
03002237207
03332286313
03002428985
03008272580
03008225115
03008287139
03008262891
03002139971
03332229916
03008260615
03008218272
03212122265
03219276407
03332150818
03009287977
03332111925
03009241630
03219265000
03002802541
03002633964
03002425639
03343304789
03332225996
03002203947
03332333904
03002258330
03008247059
03332205707
03008221180
03009377982
03008297289
03008261460
03008288098
03008287030
03219201025
03008292319
03212220110
03332320886
03008204882
03218229797
03002173201
03218240338
03002621409
03002108940
03332377975
03008239773
03009235628
03002182131
03002321233
03008216084
03002189837
03333006652
03219269874
03008251704
03002129477
03008236972
03008296364
03009268620
03042110101
03008207795
03008217929
03002335647
03002174543
03002592070
03332148643
03002139857
03008295362
03333093315
03008299228
03452384036
03008259236
03008999425
0300820722
03042225892
03008239370
03009281970
03332114759
03212828999
03204236785
03002274800
03009214734
03008218763
03008220699
03009207984
03002213003
03212422992
03008203555
03008206000
03008260815
03332123243
03002231146
03008244206
03008231798
03332289971
03322000388
03008266110
03452009911
03008266181
03009232669
03204035762
03002287378
03332222822
03008290923
03002254859
03452008123
03008235717
03008263265
03332322210
03212438120
03008267789
03008243529
03008248984
03002300324
03218704115
03008275079
03002173874
03204319212
03008267872
03008264229
03332152339
03002149030
03037261987
03332131599
03008271585
03008275559
03332318545
03008222678
03002175792
03009278375
03002104073
03009216574
03223631724
03002442246
03218202400
03212022385
03009200990
03008243416
03002513174
03002145358
03002561200
03002329964
03009294357
03002891352
03008209093
03002017250
03008281352
03008225007
03002296298
03002194625
03453033415
03002312328
03002497522
03002280233
03002120594
03458281352
03002111836
03009279263
03002992558
03332274742
03333137959
03002000377
03343154005
03332122737
03009200746
03002646313
03332494919
03042008551
03008256950
03332139621
03009269395
03009230377
03212535474
03008223274
03002156946
03008299175
03003620464
03442558641
03012435334
03018283790
03008282183
03332388910
03332182129
03002175084
03212008412
03332151725
03002352499
03333410772
03332281315
03002511837
03332354386
03332307051
03212553636
03002426381
03028201205
03343641155
03002358991
03009281698
03008280916
03002176556
03332204391
03002351070
03332117533
03332163050
03212000275
03009263371
03212438130
03332290230
03002534349
03008232535
03008299775
03453572352
03008223926
03332105122
03008241601
03008224946
03008282025
03002521487
03212871985
03008221633
03008223147
03332208464
03008226473
03009268375
03008254243
03002281325
03002122222
03008222213
03009205361
03228277771
03332147421
03012221148
03332110590
03009294611
03008274994
03332194479
03333141214
03002345481
03008201591
03217294234
03002285819
03002638600
03002804127
03008291283
03008279998
03003692144
03002036903
03332164595
03343855113
03002307440
03008210110
03042578652
03332122441
03332122440
03008239052
03002627607
03008280663
03002105258
03333288708
03018247991
03009220905
03009206666
03002723296
03008271976
03008267097
03008268808
03333515241
03012691558
03002048253
03452383771
03002533940
03008248323
03002013043
03003559378
03008217745
03002258688
03008226510
03452381359
03008259212
03003522771
03002371009
03218278715
03212434313
03333366330
03009244350
03008208941
03008297634
03008227704
03204229530
03332104556
03332322250
03343966909
03008242797
03008936693
03008226658
03008216060
03332131914
03332159027
03008237885
03012189129
03008229779
03219231628
03002376783
03452178585
03009204008
03009258259
03002296205
03008256602
03008272161
03002126688
03008230111
03332230611
03332155443
03002000688
03008235588
03008377350
03343310630
03008249126
03204226766
03332132552
03332177599
03210313
03008241893
03008296323
03333800821
03008246932
03002001210
03204302362
03343151934
03008291064
03002121751
03008266585
03008282497
03008200569
03343993532
03452740985
03002020068
03002000316
03213751963
03008203119
03008227304
03332206826
03008272362
03008266898
03008214457
03332161065
03002002453
03212436519
03333497869
03009231414
03002488573
03218216170
03218262610
03008236164
03002600499
03002007712
03009258015
03333214566
03008242559
03342219628
03219224811
03218210061
03212136125
03219250084
03333241645
03008263298
03002621125
03218242203
03008206607
03008245856
03008269196
03008637735
03008239615
03009230761
03218277073
03009284093
03028244244
03008931415
03008203293
03002187767
03332148430
03018265571
03009224544
03332202306
03002285924
03008220733
03332332810
03009204444
03008234200
03218955315
03008210248
03332134126
03002117357
03008202008
03333001584
03008275587
03008281071
03009281691
03008216835
03218216045
03012529211
03008227122
03008245522
03002854100
03008246258
03002230225
03343997524
03002011220
03002250921
03002231484
03002197692
03008232259
03008207861
03008221085
03018297744
03332370525
03008227044
03002132010
03002151684
03224322021
03002140373
03008200371
03002000787
03008290080
03008224243
03312190978
03212777402
03008221910
03008282582
03204242420
03332369989
03008982515
03008234802
03008227540
03212400000
03332448686
03332103510
03008271939
03212429659
03009294918
03008277427
03008244492
03008243524
03002010523
03332101780
03219231266
03002172510
03008285628
03008285629
03002386115
03332193311
03008227973
03008251009
03212009190
03042582228
03452461160
03008287257
03008294529
03218242346
03008240562
03332206141
03008266860
03218233654
03008260568
03002130412
03009252362
03008254010
03008206497
03332211073
03452266196
03009214773
03009214771
03218215763
03002408281
03009279807
03452004644
03009265032
03003673747
03332202412
03009282567
03003361309
03332308614
03002173703
03212292254
03009215188
03008242167
03009255746
03002140848
03002339632
03008222559
03002008180
03332134936
03332123495
03002309394
03002281903
03008291187
03332142348
03002038837
03218243170
03008247601
03332242040
03332142912
03332105347
03008214111
03008288386
03332246748
03332129830
03008286728
03332288137
03212384460
03212439017
03008263554
03008294922
03333901003
03008221265
03008235873
03009214041
03002901207
03009210465
03332315881
03008273862
03002032269
03008236030
03008287471
03008262066
03212441840
03018200034
03008289325
03009236001
03008238241
03332126300
03008202429
03008287369
03008238014
03009231982
03008256654
03008256850
03008202601
03218234784
03002004222
03008263631
03008222143
03008294987
03008232986
03003501069
03042220432
03009206778
03333554235
03009212911
03037328370
03218276680
03452180505
03008230057
03332208591
03008257901
03008278960
03212011195
03332137779
03008244840
03002265424
03009293104
03008240315
03008229130
03008244486
03332153452
03008208781
03008204178
03002034338
03009206251
03332294623
03003379343
03009245822
03008298747
03003777677
03008237109
03002128516
03332290577
03452122911
03007092977
03002440717
03212069248
03008220883
03002961242
03008242801
03002257897
03008235270
03218940894
03002136253
03008221286
03009200056
03008239655
03008235373
03212593203
03002020409
03218220112
03002010921
03009259149
03008240458
03009244516
03008244027
03008222169
03002564114
03009255862
03012617001
03009214251
03205073145
03002163001
03002587503
03002110985
03332348525
03002542385
03332105058
03009268586
03333879742
03332141747
03003212661
03008224152
03008246805
03332333405
03009267645
03004606835
03002173933
03002013031
03008210804
03002959949
03003747924
03002905419
03222442680
03212430095
03002246030
03009289511
03002010361
03002328123
03002276265
03204224615
03002215527
03008235394
03009246446
03002632960
03218208331
03333669942
03332186684
03002610550
03002312425
03003144790
03002180811
03009229496
03452375795
03008248606
03008271768
03002009933
03332336706
03002000020
03002672072
03009266116
03343103822
03008236110
03037254584
03332225800
03008221610
03332301684
03332148034
03332227780
03212007622
03008228840
03332111411
03018441469
03332127075
03008282269
03008223906
03009244111
03018226968
03008216968
03008237434
03332148534
03008216569
03333194783
03002146004
03002262712
03018201316
03008220034
03008203700
03008217241
03452008155
03008239358
03332162495
03008476777
03002783820
03218207400
03008291002
03212010981
03002010940
03002483750
03002017446
03008230513
03009245653
03212394787
03002036642
03018542187
03452135513
03212627283
03002135747
03008274925
03212940275
03213748080
03009202204
03002020065
03218260420
03008255971
03009261751
03008220008
03002318591
03332113809
03002427162
03332105717
03008221932
03333002072
03002683747
03332337080
03218251572
03463015669
03008290599
03008669499
03002144322
03008245242
03332279011
03333848033
03008278483
03008222647
03333451454
03008255506
03332355061
03219263141
03002331260
03002867337
03008281894
03332103824
03002365806
03002167445
03008283111
03213788380
03332202036
03002280109
03008290020
03212404535
03332134198
03333225262
03008230939
03002383493
03333449905
03042029308
03002274345
03332162520
03009214098
03008296420
03219237865
03002171727
03002471727
03008261324
03333375458
03002902183
03333083082
03008207770
03002021840
03204220271
03008218676
03333348305
03008252122
03002602516
03009244300
03008232992
03009259643
03222536226
03332134521
03002207328
03219249813
03003949482
03204330944
03212424094
03008220181
03008279607
03008237114
03009230572
03008278801
03333603979
03008285747
03007054981
03009255992
03008260324
03012228518
03018246886
03002215390
03218219703
03008293221
03008299937
03219226963
03212202220
03218216073
03009270898
03219277758
03212621062
03012449944
03002140297
03002170850
03002016983
03008279278
03212553470
03009237982
03212199111
03002269179
03332109133
03332302307
03008245123
03002008541
03332132127
03008284210
03332342995
03008231034
03009242717
03009235858
03212391665
03008269821
03009285313
03002625070
03002207922
03002151263
03009282892
03002479461
03002011229
03212312078
03002871481
03002000266
03008295411
03008240349
03008920020
03008204087
03008267088
03002188646
03008285552
03008215152
03002705885
03002262058
03002139735
03009211271
03042002248
03008218350
03008257413
03009225363
03009240795
03008229232
03008231453
03332074559
03002030133
03002122201
03332224834
03212006161
03008232358
03332159332
03218220030
03332149090
03008244784
03212370370
03008283611
03332378897
03008291422
03008255884
03002387475
03062564944
03218230754
03002100825
03008223717
03452502853
03002196867
03028228559
03008248849
03332125734
03218286262
03218226740
03211920113
03008240277
03332223338
03008233558
03008240840
03008263736
03008233335
03009209900
03002423413
03212005353
03002597844
03332201239
03223322817
03002319480
03212414686
03008244718
03002200662
03009250748
03212400173
03002020536
03008246194
03009205220
03009282193
03002212283
03008235336
03218247365
03008245099
03008262864
03009246970
03008273919
03002194575
03333302021
03218255202
03002750017
03002428255
03452245185
03219292732
03332288333
03002150450
03218201160
03002406015
03452004252
03332196689
03018222216
03212817737
03332127800
03008222762
03333375079
03008248115
03002376195
03002154166
03012731410
03009246050
03212626006
03212393959
03008246868
03332152645
03002378797
03332283870
03002218539
03002032804
03008275642
03008236062
03213778779
03009263210
03002392788
03218242845
03009245441
03008292078
03008287197
03002022547
03008259567
03333369766
03009209530
03008292557
03008292558
03213788323
03332213716
03008297737
03218241296
03212995000
03012237007
03218248485
03002291023
03009273143
03008938582
03008231101
03452383454
03019264077
03009237341
03002154532
03009289425
03042155923
03212012609
03009284551
03009254139
03009250537
03008223917
03218216810
03218245272
03008257252
03002166572
03008239263
03009284962
03458080444
03008218381
03007069988
03008266303
03008266268
03007023408
03212169381
03218998539
03219277555
03008239585
03212016007
03009259424
03332370612
03002197614
03008299275
03462872979
03002273533
03132079439
03002120966
03452235630
03008207552
03008224945
03008205913
03002727272
03333093025
03002017145
03332170601
03002155302
03008291419
03009235931
03008290087
03212078031
03008295949
03008255745
03204000004
03453134963
03008240800
03008281447
03002283588
03009220010
03002024585
03002189307
03204220618
03037278888
03008207294
03332344805
03002001309
03008246479
03002001414
03002001616
03002933729
03204327227
03008284111
03003525512
03008235497
03008258192
03008293420
03037329349
03332158976
03008219751
03008286649
03002110704
03453333337
03008216866
03002820850
03009291567
03332122939
03002168235
03003616629
03042578633
03008267570
03212448425
03332303948
03002168487
03018287337
03008204442
03009382008
03452127044
03009272044
03333093650
03002383026
03008290958
03332378807
03008229125
03008271427
03008262330
03008237950
03002017069
03008279927
03008218873
03219262446
03002145586
03008229760
03002705249
03002414566
03009253286
03002968803
03002269070
03212437004
03212059994
03213786786
03008207673
03008202976
03008285882
03028277048
03009239130
03008256050
03002186768
03009275525
03332361879
03332456019
03002344118
03009296940
03008262522
03008211371
03332141163
03332102332
03452160019
03002008199
03008252894
03008218187
03002124431
03204039677
03343341867
03332391914
03009253189
03009220307
03332142662
03008243930
03333156445
03213029090
03333266156
03002631785
03008294281
03008259183
03002033220
03333368627
03008295643
03008221400
03212009942
03002007733
03212066442
03212082634
03332355655
03456062771
03212435180
03009227111
03003636527
03204238907
03002212599
03218299380
03333345678
03332101674
03002138780
03205009253
03332326001
03332151534
03332379361
03212007109
03002335756
03002012319
03008243860
03008263382
03009222808
03222570940
03002648040
03008297433
03008249690
03332158404
03002758606
03009225422
03218993952
03204227844
03332103523
03008214669
03002001212
03332245792
03008286442
03002104322
03002281813
03007095722
03008245309
03002334251
03008257177
03323365871
03008272082
03212110889
03332106285
03002007691
03332318460
03008206830
03212000357
03218217383
03332203005
03008222637
03008266015
03008240477
03008238987
03332141112
03008383922
03008292388
03002125350
03009266744
03008221074
03002997438
03218200555
03332103850
03002540117
03008286393
03332151790
03008208990
03008238868
03008264341
03332203126
03008236370
03002421824
03008229600
03212668084
03212013006
03332107805
03332162345
03332158552
03002023662
03002023663
03002023664
03002023665
03008296557
03212413009
03008298869
03008299811
03008203183
03008216197
03218218200
03212502355
03008262859
03009228733
03008249313
03218290224
03008247537
03008262747
03218236436
03212448704
03212448708
03008238547
03452099961
03009224143
03002103119
03218246320
03218251041
03332145022
03218258426
03002106231
03343674483
03009375241
03002203091
03332308588
03008206449
03343209922
03009245803
03002023479
03002113163
03008218004
03008264260
03002250965
03218272647
03002928145
03042011425
03008249757
03212012897
03213740105
03002181194
03332156250
03332101036
03008206341
03002039467
03002858568
03332186342
03002169589
03008208466
03008257347
03008202100
03002213032
03002179497
03212424074
03008286165
03028249878
03009280580
03008201015
03218224808
03003401222
03008241474
03219224808
03002501303
03003527338
03218293532
03008200312
03018211112
03008200392
03009257373
03002127808
03042124786
03002298270
03002119511
03008252576
03002111741
03008244327
03008251999
03002020119
03332147466
03333800522
03008251599
03008259432
03332146550
03452216013
03212281410
03218224598
03009296007
03008238475
03218278888
03204238166
03462466667
03002012123
03008210873
03008244836
03008287595
03008241088
03224225138
03008267071
03008244446
03008221582
03222438200
03212055363
03008211131
03008284684
03008223456
03002268926
03009200559
03009222733
03009213237
03332202711
03333677191
03212099062
03332135699
03212221659
03002251171
03008245129
03009201214
03009290913
03002796540
03219248160
03002149508
03002129161
03008206901
03008231971
03332204496
03002151111
03002295031
03008229574
03008282733
03008234126
03212526404
03008294956
03008238006
03008255551
03002191929
03008237090
03008239070
03008234644
03008243045
03218235250
03008288668
03452868686
03008233076
03212445760
03205014183
03008242345
03333535608
03009264515
03002007285
03008244678
03008239822
03462356784
03219288396
03008236356
03008241917
03002321027
03009296741
03009214201
03002135413
03008268842
03008249376
03002011438
03332368658
03002560010
03452861381
03008253948
03332151304
03332330690
03008257670
03008224041
03452020911
03332341334
03332285165
03332322201
03332296482
03002712703
03008204724
03002322125
03218271435
03452937799
03009222631
03002149653
03009259256
03009217651
03452136753
03002396632
03332245367
03332242699
03332608595
03332165658
03008205098
03332372378
03333326401
03332102052
03007037237
03002089515
03008298550
03002165081
03008295779
03212402347
03002433793
03002571050
03002251759
03212230142
03009265521
03002552682
03212185993
03008205507
03332146317
03332178193
03009271348
03332225724
03002238790
03343229755
03332111212
03332261799
03218245747
03332159855
03218224858
03003201046
03008282448
03332315447
03333112099
03008215771
03009266015
03018226868
03212943353
03002003131
03218286781
03332156933
03009283696
03333355882
03008222001
03008224921
03009258149
03212279409
03008251356
03009267808
03002034979
03008225022
03333636300
03219288325
03332182100
03002110116
03204032051
03008256191
03002009995
03332392332
03008262035
03002409944
03008203438
03002141946
03002216820
03008221797
03218205262
03002160916
03009260405
03007045430
03212000241
03002701200
03212219140
03008257221
03008260391
03003201011
03002232083
03028294111
03008244768
03212632258
03008248155
03009282888
03002033257
03008298011
03008285696
03002018928
03332266481
03008262688
03212437162
03008256356
03219236008
03008253522
03332169667
03332221181
03007037232
03008204729
03008296599
03212423266
03008203479
03002198003
03212421243
03003332866
03002276518
03452103185
03002164472
03008228567
03212441784
03008230837
03042002752
03332347805
03008229400
03008255515
03008256363
03219297055
03219203053
03332206130
03332148222
03002019899
03008281545
03002264085
03332212793
03212491780
03002066173
03009246770
03008216825
03213811789
03452708242
03332149306
03002018124
03008287440
03008286811
03332105521
03009273993
03008221414
03212431294
03332164508
03009243825
03008282633
03002128805
03218266627
03002037003
03009250078
03008237888
03009009009
03002189824
03002334533
03009259401
03003618468
03343142001
03008253366
03332302831
03008209901
03002125014
03332243504
03002552500
03332155804
03328222242
03333473033
03008200567
03008255471
03008222144
03008267724
03002335969
03452382228
03452382821
03008227476
03212007997
03008214460
03002209344
03018281200
03002205737
03333005202
03003604710
03008278888
03008248199
03008255804
03008294364
03009204863
03002733947
03212066111
03037246162
03002935535
03002146629
03008207313
03002148526
03008211388
03008283979
03452102772
03452163388
03212011129
03002000952
03008235531
03008284411
03008210760
03008257279
03213789081
03003031315
03212427057
03008294775
03218238535
03002129293
03223552584
03452784642
03332343576
03002117975
03332604342
03008261461
03002177058
03332177593
03204223226
03008269990
03002000014
03213898390
03213893685
03332123164
03008224618
03008209700
03008228709
03212030823
03002130197
03002320669
03008208231
03452382238
03218274801
03002168867
03002849624
03003359109
03003359303
03212447681
03332644203
03219207220
03212435311
03333662353
03333147159
03009220025
03332139520
03002136830
03205035691
03008208615
03008202630
03002198904
03218981326
03002285926
03218299418
03332102502
03002325789
03333515234
03332262959
03222542655
03212282922
03204044452
03002019425
03008228040
03008223837
03008287391
03002827155
03212013553
03002735100
03018245444
03008295593
03212333389
03003527831
03332109931
03008543110
03008258110
03008239456
03008238574
03002007105
03222863046
03008282502
03332103230
03333211538
03002130797
03452159236
03008249263
03008236818
03332123393
03332130540
03332274508
03212424533
03008211669
03002276880
03002020087
03008245132
03008287220
03008274315
03042347838
03008245686
03009231387
03009275006
03218200909
03008232569
03008234749
03002030809
03008275341
03333482650
03008234162
03008266284
03218252024
03002404707
03012471900
03008234663
03332334913
03002128405
03332134317
03008266611
03002199699
03008252025
03343360627
03008292160
03222538511
03002126634
03003549162
03332132743
03042341548
03332372075
03002113244
03009226896
03009203083
03212252121
03009271801
03212011109
03002025566
03008288219
03002502767
03332114499
03212426030
03212664196
03333432233
03009218849
03008231802
03213603079
03002216513
03008216071
03009284863
03002278190
03008292899
03008243135
03212426071
03008202090
03008249334
03008231999
03212384405
03212667809
03219216405
03002550990
03232011158
03333451464
03002138911
03002799358
03212557520
03222259509
03333348737
03218259424
03452105652
03008214654
03008277908
03008290858
03212426585
03008243718
03012587050
03008226226
03008251623
03219293897
03452316406
03332103090
03002173988
03009277394
03042047904
03212062659
03333674814
03008241406
03009276772
03332105495
03332155687
03008288422
03332150508
03204026309
03332133469
03008271881
03008232990
03008255598
03332117766
03008269187
03008267418
03008232097
03332205656
03218249215
03002201208
03212399960
03002024879
03218207305
03212395060
03002156737
03009200421
03008221170
03008286934
03003949282
03332222851
03009217516
03002146874
03002846255
03008282671
03008280681
03332127770
03002021077
03333161361
03332321770
03008237346
03212032261
03008238126
03009234186
03002017399
03332211582
03332131502
03333298408
03008244710
03332303032
03218209340
03008209340
03009236122
03333449638
03008237506
03452006466
03008204748
03018227711
03332298264
03008270074
03008270351
03008252541
03009272949
03002137908
03062098368
03008290158
03008283535
03212012244
03218750335
03002033587
03002369550
03008209767
03003772162
03458251414
03002427237
03208299289
03212062061
03212119666
03008223544
03332172291
03009222026
03212321577
03332147029
03008377203
03008244261
03008268889
03332211208
03218246800
03009269712
03008232178
03212553959
03009246951
03212014348
03332345885
03002299308
03212014422
03008218274
03002366100
03002293721
03042050915
03008246333
03008220223
03008231031
03008243820
03002023252
03008281220
03452355332
03219249272
03008271463
03009271497
03008210112
03009312359
03334563333
03212448310
03332135068
03018494128
03003385446
03005822072
03008220428
03008256608
03008211235
03012604364
03332169200
03008222280
03002172506
03005317567
03002125220
03332123013
03008234580
03333232342
03218244480
03218744903
03002148184
03212464488
03002572900
03332214334
03002795254
03218217079
03009285599
03009236719
03204326080
03213748342
03213792636
03002208949
03218221292
03008231805
03332252766
03212122000
03002143290
03333558449
03333237962
03002151507
03219046770
03009254177
03009228613
03002110231
03142002256
03332118037
03008223734
03008281151
03008272001
03002134849
03008255730
03332316437
03002668241
03218239439
03002033369
03002032727
03002624948
03008290458
03332116491
03008202304
03452132865
03212715152
03002024114
03335185555
03222101022
03018211611
03008218425
03009258018
03332105325
03002024496
03009225589
03008285845
03003041741
03212668991
03008299072
03008211319
03028236649
03332109162
03002015449
03008211442
03002754764
03229801743
03008225210
03333129878
03002005457
03008262656
03332379334
03218203751
03212837028
03333515236
03008225450
03218250147
03008211071
03008220117
03002266034
03008202751
03008209059
03213742482
03002113001
03012592759
03012547892
03008278766
03009262753
03018278766
03009202925
03002336314
03218210863
03332367447
03002230422
03002303563
03009240032
03009278616
03218760016
03008999468
03332379364
03002387448
03219204055
03002020505
03008233821
03212609000
03333675151
03212558464
03008286406
03008204606
03009206410
03009226505
03008285252
03008236899
03452199129
03332261789
03002811078
03008206973
03009277039
03212133305
03002020453
03332353426
03008210062
03219213639
03008216663
03332293858
03333187402
03002147932
03219290003
03009244792
03008200706
03332186433
03012103021
03332117040
03228208840
03218232173
03008209009
03002972969
03212491758
03218211657
03002295569
03008273888
03009237444
03644234671
03343447339
03002145446
03009212603
03333417022
03008242635
03332280505
03332195147
03204308712
03343026056
03008238736
03332198221
03008207390
03002022815
03008234934
03002033046
03332260980
03008233883
03212031498
03212491308
03222260360
03008240386
03212008161
03009241404
03008264187
03008245840
03219223590
03212428221
03219237013
03212394900
03452300640
03002150255
03008247242
03018254630
03002103021
03002039080
03212022200
03332108762
03008233731
03332290271
03008237253
03008218389
03008227541
03212117707
03008234106
03332109357
03009278732
03002122007
03003370039
03008233312
03213785162
03332136002
03008245277
03008234004
03002113892
03332125373
03008235889
03332141340
03008234606
03452316094
03018259001
03008217503
03008232010
03644242137
03212188998
03009243841
03002175110
03219204007
03212005551
03002179755
03009265868
03333800840
03002024022
03218255297
03332118308
03008236074
03212009049
03002533843
03218216999
03009318817
03218263206
03332194304
03002139265
03002818386
03219240617
03002211518
03002494569
03442106573
03333415751
03002354762
03218241998
03218230606
03332111267
03002852170
03218287195
03008233576
03219204800
03009283430
03012774757
03008212295
03332180572
03008213632
03008268191
03002107529
03009214344
03332100021
03002175532
03332133047
03332135690
03002106764
03009250244
03003348300
03008205280
03008289319
03008254979
03008288433
03212088339
03002135551
03332235695
03002009718
03008230562
03008229599
03332253797
03332177269
03212014946
03453034516
03332176220
03002001065
03008204668
03212008489
03338260416
03002424924
03013407911
03008204615
03218204615
03332274473
03008207774
03002410040
03018238340
03003533515
03008269264
03008229642
03008201645
03008259221
03008265777
03213751323
03218242143
03002137041
03452063298
03458223366
03009250004
03009266566
03008244922
03002481373
03008253027
03008259970
03332222170
03002133687
03002011010
03008227292
03008310414
03018220095
03008222252
03008209830
03343479816
03008216688
03009255833
03008264748
03008278611
03332188297
03008271121
03008205738
03332165715
03008229636
03008227596
03008291470
03218297058
03218234588
03218272919
03212957036
03008251618
03008216011
03008267345
03332111802
03333099603
03008258817
03009204942
03008274197
03009213159
03028285002
03333630170
03002371346
03002270754
03008244389
03212006786
03332109786
03333939776
03452175131
03332126487
03008227607
03008241788
03333396339
03332303079
03008281880
03212009994
03008251114
03008232312
03002025205
03002390579
03008298084
03218262363
03218207246
03218248068
03002563653
03333448872
03008228921
03008237295
03008294780
03008202576
03008296567
03332177063
03002018702
03008473371
03008222000
03456088899
03008202739
03332226325
03008239609
03002170372
03002082160
03002257882
03333010828
03008248456
03002626026
03002011444
03333675775
03343655707
03002006308
03007052732
03002128880
03452221979
03002289001
03332112522
03003594537
03332331595
03008243593
03008293130